s = 264 i = 264 lng = 264 f = 264.000000 d = 264.000000
x = 24.000000 ;y = 12
